20150510.10.11 20150510  10  11  15.810   37.0515    35.5337    8.7   8.4 25.6   1.6  ML
20150507.03.39 20150507  03  39  32.300   37.6678    35.6067    5.4   8.4 25.6   1.7  ML
20150507.02.55 20150507  02  55  10.910   37.6953    35.6162    5.3   8.4 25.6   1.5  ML
20150506.10.50 20150506  10  50  03.750   37.9918    34.626     0.0   8.4 25.6   2.0  ML
20150506.09.18 20150506  09  18  59.580   37.4358    34.4872    6.0   8.4 25.6   2.1  ML
20150505.18.04 20150505  18  04  04.730   37.0255    35.5638    9.3   8.4 25.6   2.2  ML
20150505.11.27 20150505  11  27  57.580   38.0152    34.3503    12.9  8.4 25.6   2.2  ML
20150505.05.59 20150505  05  59  26.630   37.656     35.607     14.8  8.4 25.6   1.8  ML
20150505.02.22 20150505  02  22  12.850   37.645     35.588     10.5  8.4 25.6   2.3  ML
20150505.00.58 20150505  00  58  04.130   37.1135    34.5235    11.1  8.4 25.6   1.8  ML
20150504.21.27 20150504  21  27  55.710   37.686     35.6015    12.1  8.4 25.6   1.7  ML
20150504.10.44 20150504  10  44  37.260   38.0072    35.6148    3.1   8.4 25.6   2.0  ML
20150503.03.05 20150503  03  05  28.160   37.7122    35.6192    5.0   8.4 25.6   2.6  ML
20150502.14.30 20150502  14  30  22.840   38.3903    34.2767    5.7   8.4 25.6   1.8  ML
20150501.07.35 20150501  07  35  32.450   38.6407    34.7683    0.0   8.4 25.6   1.9  ML
20150430.17.44 20150430  17  44  27.930   37.1687    35.9603    17.6  8.4 25.6   2.1  ML
20150430.11.54 20150430  11  54  14.890   37.622     35.442     18.1  8.4 25.6   1.7  ML
20150430.11.23 20150430  11  23  37.390   37.106     34.676     9.0   8.4 25.6   1.8  ML
20150430.02.27 20150430  02  27  37.570   37.6882    35.608     5.7   8.4 25.6   1.7  ML
20150429.10.48 20150429  10  48  50.450   38.0628    35.6073    11.6  8.4 25.6   1.8  ML
20150429.02.47 20150429  02  47  09.660   37.166     35.8853    26.4  8.4 25.6   1.6  ML
20150428.05.21 20150428  05  21  45.480   37.675     35.6075    18.0  8.4 25.6   1.5  ML
20150427.14.59 20150427  14  59  07.340   37.1182    34.64      8.4   8.4 25.6   1.6  ML
20150427.12.58 20150427  12  58  18.540   37.0498    34.8987    17.8  8.4 25.6   1.5  ML
20150426.10.46 20150426  10  46  52.850   38.0283    35.6077    5.0   8.4 25.6   1.8  ML
20150425.16.21 20150425  16  21  16.020   37.682     35.5938    5.4   8.4 25.6   1.6  ML
20150424.13.34 20150424  13  34  31.900   38.3173    34.2063    6.0   8.4 25.6   1.5  ML
20150424.08.05 20150424  08  05  35.300   38.645     35.7778    0.0   8.4 25.6   2.2  ML
20150422.12.10 20150422  12  10  08.950   38.4462    34.2975    8.3   8.4 25.6   1.7  ML
20150422.10.56 20150422  10  56  21.230   37.9522    35.6462    3.7   8.4 25.6   1.6  ML
20150421.10.08 20150421  10  08  46.510   38.7423    35.2635    0.0   8.4 25.6   1.7  ML
20150420.14.28 20150420  14  28  22.490   37.2158    35.8073    8.8   8.4 25.6   1.8  ML
20150420.13.53 20150420  13  53  06.180   37.3448    35.0405    3.3   8.4 25.6   1.8  ML
20150420.10.49 20150420  10  49  47.650   38.0065    35.6398    12.2  8.4 25.6   1.8  ML
20150420.02.31 20150420  02  31  45.390   38.7827    33.5275    19.2  8.4 25.6   1.7  ML
20150419.16.45 20150419  16  45  32.130   37.6627    35.6137    5.4   8.4 25.6   2.0  ML
20150418.12.02 20150418  12  02  34.780   38.0808    35.384     5.0   8.4 25.6   2.1  ML
20150418.09.29 20150418  09  29  18.870   37.1275    34.6435    9.2   8.4 25.6   1.8  ML
20150417.13.18 20150417  13  18  55.140   38.9367    33.724     6.7   8.4 25.6   1.6  ML
20150417.10.37 20150417  10  37  39.100   38.2665    33.9548    5.0   8.4 25.6   2.1  ML
20150417.08.52 20150417  08  52  24.760   37.0687    34.8755    12.1  8.4 25.6   1.8  ML
20150416.14.04 20150416  14  04  19.430   37.6342    35.6033    5.4   8.4 25.6   2.3  ML
20150416.10.47 20150416  10  47  55.690   37.981     35.642     5.0   8.4 25.6   1.6  ML
20150414.19.59 20150414  19  59  20.230   37.0303    35.6325    16.1  8.4 25.6   2.1  ML
20150414.13.24 20150414  13  24  59.090   38.009     34.6562    0.0   8.4 25.6   1.9  ML
20150413.22.55 20150413  22  55  08.330   37.1365    34.5302    7.3   8.4 25.6   1.7  ML
20150412.06.23 20150412  06  23  32.000   38.4923    35.1018    6.9   8.4 25.6   1.8  ML
20150411.15.23 20150411  15  23  07.740   38.6958    33.6437    8.3   8.4 25.6   2.9  ML
20150410.12.44 20150410  12  44  01.980   37.6322    35.4287    7.6   8.4 25.6   1.8  ML
20150408.11.11 20150408  11  11  29.420   38.6452    35.7987    0.0   8.4 25.6   1.9  ML
20150406.23.31 20150406  23  31  59.270   38.8265    33.3878    8.1   8.4 25.6   1.8  ML
20150406.22.55 20150406  22  55  21.430   37.1117    34.5617    8.0   8.4 25.6   1.6  ML
20150406.09.47 20150406  09  47  56.030   38.8373    35.8678    0.0   8.4 25.6   1.5  ML
20150406.04.35 20150406  04  35  44.270   37.1257    34.5297    9.2   8.4 25.6   2.8  ML
20150405.22.21 20150405  22  21  52.010   37.8293    35.0822    10.3  8.4 25.6   1.6  ML
20150405.00.52 20150405  00  52  27.710   37.8477    35.0872    12.8  8.4 25.6   1.8  ML
20150404.19.31 20150404  19  31  31.640   37.8302    35.0808    10.9  8.4 25.6   1.7  ML
20150404.11.15 20150404  11  15  25.130   37.8293    35.0985    9.2   8.4 25.6   2.0  ML
20150404.07.54 20150404  07  54  18.310   37.5185    35.6982    9.3   8.4 25.6   2.8  ML
20150403.06.28 20150403  06  28  39.020   37.0567    34.8793    15.9  8.4 25.6   1.8  ML
20150401.14.12 20150401  14  12  30.010   38.9593    33.7145    4.4   8.4 25.6   1.7  ML
20150330.18.46 20150330  18  46  33.710   37.6943    33.5693    3.2   8.4 25.6   1.9  ML
20150330.08.22 20150330  08  22  07.530   38.647     35.764     0.0   8.4 25.6   1.6  ML
20150329.15.16 20150329  15  16  04.690   37.2645    35.4723    17.7  8.4 25.6   2.2  ML
20150328.10.43 20150328  10  43  39.860   38.8775    35.6305    5.2   8.4 25.6   2.8  ML
20150328.06.05 20150328  06  05  39.450   38.8628    35.6373    3.3   8.4 25.6   1.9  ML
20150327.13.02 20150327  13  02  04.330   37.6245    35.5982    6.3   8.4 25.6   2.3  ML
20150326.14.54 20150326  14  54  28.540   38.89      35.6188    2.4   8.4 25.6   2.2  ML
20150326.02.23 20150326  02  23  06.360   38.8912    35.607     5.0   8.4 25.6   3.5  ML
20150325.14.05 20150325  14  05  29.740   37.6558    35.4423    4.3   8.4 25.6   1.5  ML
20150324.09.25 20150324  09  25  20.750   38.2968    34.1033    5.2   8.4 25.6   1.5  ML
20150322.12.10 20150322  12  10  07.530   38.4665    35.1777    15.6  8.4 25.6   1.6  ML
20150322.04.33 20150322  04  33  54.620   37.1068    35.7788    22.5  8.4 25.6   2.2  ML
20150321.19.51 20150321  19  51  00.900   37.8243    35.0948    7.6   8.4 25.6   1.6  ML
20150320.14.20 20150320  14  20  21.760   38.9797    33.7077    3.2   8.4 25.6   1.7  ML
20150320.09.12 20150320  09  12  54.930   37.3067    35.688     27.0  8.4 25.6   2.7  ML
20150319.11.20 20150319  11  20  43.970   37.7058    35.663     4.7   8.4 25.6   1.5  ML
20150319.09.10 20150319  09  10  41.190   38.144     34.2125    5.0   8.4 25.6   2.2  ML
20150319.07.41 20150319  07  41  08.430   37.5677    35.5745    5.1   8.4 25.6   2.4  ML
20150316.18.05 20150316  18  05  09.560   38.8098    34.0375    13.7  8.4 25.6   1.6  ML
20150315.23.10 20150315  23  10  33.850   37.9228    33.9208    15.8  8.4 25.6   1.8  ML
20150314.14.46 20150314  14  46  28.130   38.9382    33.6987    10.3  8.4 25.6   1.7  ML
20150314.12.04 20150314  12  04  22.660   38.5008    35.1012    11.6  8.4 25.6   1.6  ML
20150309.12.00 20150309  12  00  14.300   37.9125    34.803     0.0   8.4 25.6   1.6  ML
20150307.15.22 20150307  15  22  04.640   38.9532    33.7103    5.5   8.4 25.6   1.5  ML
20150307.06.59 20150307  06  59  55.000   37.9362    35.175     9.0   8.4 25.6   2.1  ML
20150228.22.29 20150228  22  29  27.220   37.4353    34.5103    6.0   8.4 25.6   2.9  ML
20150228.22.03 20150228  22  03  40.810   37.4565    34.4997    9.5   8.4 25.6   3.0  ML
20150228.16.34 20150228  16  34  59.620   37.5462    35.6923    6.5   8.4 25.6   2.1  ML
20150228.14.28 20150228  14  28  58.160   37.0797    34.6538    8.3   8.4 25.6   2.1  ML
20150228.00.23 20150228  00  23  45.120   37.0532    34.5038    8.1   8.4 25.6   2.1  ML
20150227.22.30 20150227  22  30  08.380   37.1893    35.5617    15.6  8.4 25.6   2.1  ML
20150227.21.34 20150227  21  34  15.870   37.1728    35.549     12.2  8.4 25.6   1.9  ML
20150227.20.32 20150227  20  32  29.060   37.5892    35.7207    4.7   8.4 25.6   1.5  ML
20150227.17.33 20150227  17  33  43.420   37.5612    35.6975    6.5   8.4 25.6   2.2  ML
20150227.14.13 20150227  14  13  22.740   38.4817    35.211     7.8   8.4 25.6   2.1  ML
20150226.05.32 20150226  05  32  31.830   37.2515    34.9345    5.4   8.4 25.6   2.5  ML
20150224.14.57 20150224  14  57  10.450   37.1688    35.0382    0.0   8.4 25.6   2.2  ML
20150223.02.43 20150223  02  43  07.360   37.5357    35.3825    6.4   8.4 25.6   1.6  ML
20150221.22.41 20150221  22  41  13.050   37.4477    34.4623    7.8   8.4 25.6   2.5  ML
20150217.04.54 20150217  04  54  10.520   38.4388    33.8913    12.1  8.4 25.6   1.6  ML
20150217.00.28 20150217  00  28  31.660   37.5602    35.6757    12.2  8.4 25.6   1.6  ML
20150216.19.49 20150216  19  49  28.120   38.4383    33.8835    11.6  8.4 25.6   1.6  ML
20150216.19.10 20150216  19  10  27.710   37.241     34.9542    11.6  8.4 25.6   1.7  ML
20150215.09.04 20150215  09  04  03.520   38.6765    35.7678    0.0   8.4 25.6   1.5  ML
20150214.09.32 20150214  09  32  21.880   38.6138    34.4927    5.3   8.4 25.6   1.8  ML
20150214.09.12 20150214  09  12  29.980   38.4882    35.1068    3.6   8.4 25.6   1.7  ML
20150213.14.16 20150213  14  16  38.350   38.3908    34.4045    0.0   8.4 25.6   1.5  ML
20150212.08.46 20150212  08  46  22.810   37.6017    35.602     12.1  8.4 25.6   1.7  ML
20150211.08.38 20150211  08  38  52.490   37.7927    35.7807    5.0   8.4 25.6   2.0  ML
20150207.14.51 20150207  14  51  46.020   37.6528    35.6547    19.7  8.4 25.6   1.5  ML
20150207.14.18 20150207  14  18  36.980   37.9413    34.6955    0.0   8.4 25.6   1.6  ML
20150207.09.15 20150207  09  15  44.570   37.5735    35.5802    5.0   8.4 25.6   1.6  ML
20150206.17.38 20150206  17  38  48.030   37.1723    35.6032    2.4   8.4 25.6   1.6  ML
20150205.18.51 20150205  18  51  09.130   37.5687    35.582     10.8  8.4 25.6   1.6  ML
20150205.02.01 20150205  02  01  25.670   37.3027    33.2408    9.9   8.4 25.6   1.8  ML
20150204.18.58 20150204  18  58  02.330   38.162     34.2207    5.5   8.4 25.6   1.7  ML
20150204.17.27 20150204  17  27  52.060   38.2028    34.2377    11.9  8.4 25.6   1.7  ML
20150202.22.12 20150202  22  12  05.930   37.5337    35.5732    5.0   8.4 25.6   1.7  ML
20150202.16.50 20150202  16  50  28.470   37.5893    35.6027    17.7  8.4 25.6   1.9  ML
20150202.11.40 20150202  11  40  36.010   37.5333    35.5553    3.7   8.4 25.6   1.9  ML
20150202.07.24 20150202  07  24  29.500   37.5323    35.565     5.0   8.4 25.6   1.6  ML
20150202.04.12 20150202  04  12  55.000   37.539     35.5728    8.2   8.4 25.6   1.6  ML
20150202.02.06 20150202  02  06  49.580   37.0613    35.7363    20.3  8.4 25.6   1.6  ML
20150201.16.52 20150201  16  52  38.260   37.2903    33.2392    11.2  8.4 25.6   2.1  ML
20150201.15.27 20150201  15  27  19.290   37.3072    33.264     7.8   8.4 25.6   2.0  ML
20150201.14.59 20150201  14  59  31.480   38.8182    35.8823    0.0   8.4 25.6   1.5  ML
20150201.07.42 20150201  07  42  24.180   37.5537    35.5715    5.4   8.4 25.6   1.6  ML
20150131.04.17 20150131  04  17  54.300   37.5335    35.5628    5.2   8.4 25.6   1.5  ML
20150131.04.04 20150131  04  04  00.540   37.5693    35.5712    3.6   8.4 25.6   1.8  ML
20150131.01.53 20150131  01  53  52.810   37.5703    35.5748    3.6   8.4 25.6   1.7  ML
20150130.17.55 20150130  17  55  57.040   37.5512    35.5563    2.3   8.4 25.6   1.8  ML
20150130.12.50 20150130  12  50  01.540   37.5165    35.5657    5.4   8.4 25.6   2.2  ML
20150130.09.52 20150130  09  52  34.180   37.6598    35.4222    5.0   8.4 25.6   1.7  ML
20150130.00.31 20150130  00  31  44.840   37.0022    35.5893    23.1  8.4 25.6   1.9  ML
20150129.23.19 20150129  23  19  04.620   37.5562    35.5782    5.2   8.4 25.6   1.6  ML
20150129.20.34 20150129  20  34  59.080   37.8337    35.5968    5.7   8.4 25.6   1.9  ML
20150129.03.48 20150129  03  48  00.260   37.5812    35.571     9.4   8.4 25.6   1.8  ML
20150129.01.38 20150129  01  38  54.400   37.5188    35.5793    19.0  8.4 25.6   1.5  ML
20150128.14.58 20150128  14  58  41.620   37.5658    35.5652    4.4   8.4 25.6   1.6  ML
20150128.14.21 20150128  14  21  48.350   37.5638    35.564     9.9   8.4 25.6   2.3  ML
20150128.12.20 20150128  12  20  50.070   37.3325    35.0158    6.0   8.4 25.6   1.9  ML
20150128.09.14 20150128  09  14  42.680   37.7997    35.5885    3.0   8.4 25.6   1.5  ML
20150128.02.39 20150128  02  39  50.680   38.7345    33.4295    11.5  8.4 25.6   1.9  ML
20150127.19.39 20150127  19  39  57.470   37.5665    35.5763    10.4  8.4 25.6   1.7  ML
20150127.03.52 20150127  03  52  16.910   38.7393    33.56      5.4   8.4 25.6   1.8  ML
20150127.00.50 20150127  00  50  15.740   38.6463    35.9503    2.3   8.4 25.6   2.2  ML
20150126.09.45 20150126  09  45  41.600   37.0512    34.7947    0.0   8.4 25.6   1.8  ML
20150124.13.13 20150124  13  13  39.350   37.6748    35.4292    2.7   8.4 25.6   1.8  ML
20150123.13.50 20150123  13  50  37.030   37.9583    34.7243    0.0   8.4 25.6   1.6  ML
20150123.08.30 20150123  08  30  07.710   37.0632    34.8628    10.4  8.4 25.6   1.6  ML
20150122.22.42 20150122  22  42  40.210   38.831     34.0268    9.2   8.4 25.6   1.5  ML
20150122.18.46 20150122  18  46  13.530   38.4282    33.988     0.0   8.4 25.6   1.6  ML
20150122.16.13 20150122  16  13  44.300   38.4928    33.9432    10.9  8.4 25.6   1.5  ML
20150122.12.48 20150122  12  48  42.490   38.881     35.91      24.0  8.4 25.6   1.5  ML
20150121.10.55 20150121  10  55  56.640   38.482     33.9425    7.4   8.4 25.6   2.1  ML
20150120.20.56 20150120  20  56  10.650   38.4978    33.9455    5.1   8.4 25.6   1.7  ML
20150120.19.59 20150120  19  59  24.400   38.488     33.9297    8.5   8.4 25.6   1.9  ML
20150120.14.01 20150120  14  01  41.580   38.4907    33.9292    3.1   8.4 25.6   1.7  ML
20150120.13.27 20150120  13  27  02.120   38.4852    33.8995    1.2   8.4 25.6   2.9  ML
20150120.09.23 20150120  09  23  05.650   38.4815    33.9297    5.0   8.4 25.6   1.7  ML
20150119.14.41 20150119  14  41  07.820   37.4763    35.7518    5.0   8.4 25.6   1.8  ML
20150119.12.50 20150119  12  50  23.660   37.5223    35.4685    11.5  8.4 25.6   1.5  ML
20150119.08.58 20150119  08  58  47.590   37.01      35.5935    21.3  8.4 25.6   1.7  ML
20150119.04.50 20150119  04  50  40.060   38.483     33.9943    16.5  8.4 25.6   1.7  ML
20150119.03.30 20150119  03  30  18.460   38.4942    33.9572    8.5   8.4 25.6   1.6  ML
20150118.13.09 20150118  13  09  27.670   37.612     35.4323    13.9  8.4 25.6   1.6  ML
20150117.13.18 20150117  13  18  56.560   37.1032    35.5515    6.9   8.4 25.6   2.0  ML
20150115.13.44 20150115  13  44  15.400   38.4763    33.9262    12.2  8.4 25.6   1.6  ML
20150115.10.02 20150115  10  02  43.330   38.4933    33.869     5.8   8.4 25.6   2.3  ML
20150105.18.21 20150105  18  21  26.880   38.1787    33.051     3.3   8.4 25.6   1.8  ML
20150105.14.36 20150105  14  36  25.660   37.9065    34.5782    5.0   8.4 25.6   1.7  ML
20150105.10.15 20150105  10  15  51.970   38.3052    33.9178    7.8   8.4 25.6   1.7  ML
20150105.09.04 20150105  09  04  28.460   38.6823    35.7022    5.0   8.4 25.6   1.7  ML
20150103.14.23 20150103  14  23  17.710   37.0915    33.033     4.6   8.4 25.6   3.1  ML
20150103.05.44 20150103  05  44  43.350   37.0257    35.5897    20.4  8.4 25.6   2.0  ML
20150101.23.10 20150101  23  10  42.710   37.013     35.5957    23.1  8.4 25.6   2.3  ML
20150101.21.40 20150101  21  40  29.240   38.9832    33.0427    12.5  8.4 25.6   1.8  ML
20150101.07.22 20150101  07  22  52.050   37.288     34.8792    1.4   8.4 25.6   1.9  ML
20141227.12.03 20141227  12  03  37.630   37.3698    35.0178    15.5  8.4 25.6   1.7  ML
20141225.07.43 20141225  07  43  58.640   37.7047    35.7603    10.4  8.4 25.6   1.9  ML
20141225.06.52 20141225  06  52  38.050   37.6945    35.7743    4.6   8.4 25.6   3.1  ML
20141224.09.33 20141224  09  33  26.900   37.6118    35.524     9.2   8.4 25.6   2.3  ML
20141220.01.39 20141220  01  39  45.430   38.2712    33.4535    11.5  8.4 25.6   1.6  ML
20141219.15.09 20141219  15  09  05.180   38.8543    35.6353    7.6   8.4 25.6   2.3  ML
20141219.10.44 20141219  10  44  59.390   37.0598    34.899     4.2   8.4 25.6   1.8  ML
20141218.13.34 20141218  13  34  19.070   38.6518    35.7562    4.7   8.4 25.6   1.6  ML
20141216.14.55 20141216  14  55  01.690   37.669     35.4342    6.1   8.4 25.6   1.8  ML
20141216.11.39 20141216  11  39  57.190   37.6372    35.8498    21.0  8.4 25.6   1.7  ML
20141215.14.09 20141215  14  09  27.140   37.9708    34.5892    4.7   8.4 25.6   1.8  ML
20141215.09.54 20141215  09  54  30.300   38.4332    34.1323    3.7   8.4 25.6   1.6  ML
20141212.08.58 20141212  08  58  59.400   38.9322    33.7108    5.3   8.4 25.6   2.0  ML
20141211.14.11 20141211  14  11  19.120   37.773     34.8267    14.3  8.4 25.6   1.9  ML
20141209.16.55 20141209  16  55  21.080   37.185     35.5998    5.0   8.4 25.6   2.5  ML
20141208.15.46 20141208  15  46  03.640   37.8973    34.5488    5.0   8.4 25.6   2.0  ML
20141208.08.57 20141208  08  57  14.700   38.2955    34.1508    5.3   8.4 25.6   1.9  ML
20141207.09.19 20141207  09  19  52.410   38.1157    35.4463    2.3   8.4 25.6   2.3  ML
20141207.01.30 20141207  01  30  23.760   38.84      35.5015    7.1   8.4 25.6   1.7  ML
20141206.17.56 20141206  17  56  16.410   37.842     35.0987    5.5   8.4 25.6   2.2  ML
20141206.09.40 20141206  09  40  22.140   38.6465    35.7163    1.0   8.4 25.6   2.0  ML
20141204.20.57 20141204  20  57  32.330   38.6967    33.6658    9.2   8.4 25.6   1.7  ML
20141202.11.54 20141202  11  54  13.370   38.6445    34.5588    1.1   8.4 25.6   1.9  ML
20141130.20.42 20141130  20  42  43.180   37.4287    35.8193    18.5  8.4 25.6   1.5  ML
20141130.18.24 20141130  18  24  04.230   37.3968    35.8413    14.8  8.4 25.6   2.2  ML
20141129.08.24 20141129  08  24  25.350   37.2022    35.9308    20.8  8.4 25.6   2.2  ML
20141128.22.56 20141128  22  56  25.430   37.2142    35.8737    24.5  8.4 25.6   2.1  ML
20141128.12.41 20141128  12  41  32.920   38.8485    33.6897    5.8   8.4 25.6   1.7  ML
20141127.23.18 20141127  23  18  32.690   38.7148    33.5768    6.6   8.4 25.6   1.6  ML
20141127.13.28 20141127  13  28  04.430   37.8295    34.1642    2.2   8.4 25.6   2.0  ML
20141125.12.28 20141125  12  28  29.880   37.926     34.4742    7.6   8.4 25.6   1.9  ML
20141124.22.43 20141124  22  43  06.370   38.687     33.6563    5.2   8.4 25.6   1.6  ML
20141124.10.03 20141124  10  03  51.240   38.634     35.724     3.2   8.4 25.6   2.1  ML
20141123.13.37 20141123  13  37  38.310   38.4632    34.1058    1.9   8.4 25.6   1.7  ML
20141121.14.31 20141121  14  31  29.260   38.3207    34.1453    4.7   8.4 25.6   2.2  ML
20141119.20.19 20141119  20  19  42.110   37.1845    34.7095    10.3  8.4 25.6   1.8  ML
20141119.07.55 20141119  07  55  43.370   38.3205    34.1458    5.3   8.4 25.6   1.6  ML
20141118.15.46 20141118  15  46  24.740   38.7747    35.7762    5.0   8.4 25.6   1.6  ML
20141117.14.05 20141117  14  05  17.000   38.9623    33.6933    3.6   8.4 25.6   1.5  ML
20141116.02.48 20141116  02  48  09.680   37.7632    35.0448    6.7   8.4 25.6   2.1  ML
20141113.15.17 20141113  15  17  11.100   38.928     35.8428    5.1   8.4 25.6   1.8  ML
20141113.12.33 20141113  12  33  47.080   37.7708    35.5737    13.2  8.4 25.6   1.6  ML
20141112.14.38 20141112  14  38  08.940   37.5112    34.2535    18.9  8.4 25.6   2.5  ML
20141112.14.25 20141112  14  25  50.300   38.8238    35.7717    5.0   8.4 25.6   1.6  ML
20141112.13.40 20141112  13  40  59.380   37.664     35.4792    3.3   8.4 25.6   1.6  ML
20141112.12.10 20141112  12  10  03.660   37.7378    35.568     12.4  8.4 25.6   2.2  ML
20141111.01.37 20141111  01  37  25.080   37.5       35.9388    15.3  8.4 25.6   1.5  ML
20141110.16.44 20141110  16  44  16.170   38.9707    33.7075    2.2   8.4 25.6   1.7  ML
20141110.14.31 20141110  14  31  27.240   38.642     35.7592    2.8   8.4 25.6   1.8  ML
20141110.13.40 20141110  13  40  42.560   37.8057    34.3572    9.5   8.4 25.6   1.8  ML
20141110.03.04 20141110  03  04  10.980   37.4653    35.7933    21.4  8.4 25.6   2.1  ML
20141109.11.41 20141109  11  41  50.490   37.964     35.601     16.0  8.4 25.6   1.8  ML
20141108.14.58 20141108  14  58  13.120   38.3025    34.1742    19.7  8.4 25.6   1.9  ML
20141106.21.38 20141106  21  38  42.690   37.502     35.9908    2.6   8.4 25.6   1.7  ML
20141106.14.08 20141106  14  08  04.450   38.6933    35.7205    2.0   8.4 25.6   1.7  ML
20141105.05.47 20141105  05  47  26.400   37.525     35.9803    9.6   8.4 25.6   1.8  ML
20141104.13.20 20141104  13  20  14.810   38.7955    35.7868    3.8   8.4 25.6   2.1  ML
20141103.15.56 20141103  15  56  42.640   38.9538    33.7105    5.0   8.4 25.6   1.6  ML
20141103.14.12 20141103  14  12  30.700   38.9365    35.8728    5.3   8.4 25.6   1.9  ML
20141103.10.55 20141103  10  55  09.530   37.4847    35.9307    5.8   8.4 25.6   2.2  ML
20141103.06.44 20141103  06  44  57.510   37.502     35.9867    4.4   8.4 25.6   2.6  ML
20141102.18.33 20141102  18  33  04.600   37.8863    35.1358    5.4   8.4 25.6   2.3  ML
20141101.11.45 20141101  11  45  52.740   37.9525    35.638     5.0   8.4 25.6   1.8  ML
20141031.12.20 20141031  12  20  46.910   37.0495    34.9135    10.3  8.4 25.6   1.6  ML
20141031.10.24 20141031  10  24  44.510   37.922     35.7428    5.0   8.4 25.6   1.7  ML
20141030.11.52 20141030  11  52  52.380   38.0132    35.6078    7.2   8.4 25.6   1.9  ML
20141029.11.46 20141029  11  46  21.100   38.0012    35.5963    24.7  8.4 25.6   1.9  ML
20141028.14.35 20141028  14  35  33.720   37.9945    35.6018    4.9   8.4 25.6   1.7  ML
20141028.13.35 20141028  13  35  13.850   38.7913    35.8128    5.0   8.4 25.6   1.9  ML
20141027.14.36 20141027  14  36  12.520   38.9717    33.7097    2.5   8.4 25.6   1.5  ML
20141026.10.43 20141026  10  43  07.750   37.9965    35.6092    3.8   8.4 25.6   1.7  ML
20141026.09.49 20141026  09  49  37.730   37.631     35.427     17.1  8.4 25.6   1.6  ML
20141025.14.51 20141025  14  51  48.590   37.0422    35.9738    5.0   8.4 25.6   2.2  ML
20141025.13.14 20141025  13  14  16.160   38.8122    35.7608    2.1   8.4 25.6   1.8  ML
20141025.01.32 20141025  01  32  55.090   38.1222    35.2032    5.4   8.4 25.6   1.8  ML
20141022.14.01 20141022  14  01  29.850   38.7038    35.2663    3.5   8.4 25.6   1.7  ML
20141022.13.38 20141022  13  38  18.150   37.0413    34.9157    16.3  8.4 25.6   1.7  ML
20141019.06.59 20141019  06  59  56.680   37.0812    34.4892    12.3  8.4 25.6   2.4  ML
20141017.14.54 20141017  14  54  52.480   38.9603    33.7158    5.1   8.4 25.6   1.5  ML
20141014.08.57 20141014  08  57  31.740   38.8028    35.7505    4.5   8.4 25.6   1.7  ML
20141013.13.45 20141013  13  45  33.300   37.1557    34.7778    14.7  8.4 25.6   1.5  ML
20141013.07.53 20141013  07  53  46.920   37.181     35.6887    22.2  8.4 25.6   1.5  ML
20141011.05.35 20141011  05  35  34.030   37.9448    35.6223    15.5  8.4 25.6   1.8  ML
20141010.22.40 20141010  22  40  35.780   37.5023    35.4782    6.9   8.4 25.6   2.3  ML
20141010.04.30 20141010  04  30  52.490   37.0368    35.9145    26.1  8.4 25.6   1.5  ML
20141008.12.47 20141008  12  47  18.550   38.6808    35.7772    5.0   8.4 25.6   1.6  ML
20141008.08.27 20141008  08  27  49.140   37.507     35.9025    22.7  8.4 25.6   2.1  ML
20141008.07.16 20141008  07  16  09.780   37.7413    35.5678    14.4  8.4 25.6   1.7  ML
20141006.20.05 20141006  20  05  46.510   37.568     35.7197    9.8   8.4 25.6   2.5  ML
20141006.07.47 20141006  07  47  53.270   37.8997    35.1665    9.3   8.4 25.6   1.8  ML
20141005.23.37 20141005  23  37  46.070   37.0442    35.7807    20.9  8.4 25.6   2.4  ML
20141005.08.50 20141005  08  50  51.110   38.99      35.8638    7.9   8.4 25.6   1.9  ML
20141005.08.28 20141005  08  28  57.670   38.9975    35.8488    8.5   8.4 25.6   2.0  ML
20141005.08.08 20141005  08  08  24.740   38.9927    35.7993    5.7   8.4 25.6   1.8  ML
20141002.00.45 20141002  00  45  40.130   38.0907    34.6252    13.5  8.4 25.6   1.5  ML
20140930.16.52 20140930  16  52  02.590   38.3628    35.7883    9.6   8.4 25.6   2.3  ML
20140930.14.12 20140930  14  12  31.650   38.948     33.7318    5.6   8.4 25.6   1.5  ML
20140930.11.25 20140930  11  25  27.850   38.4455    34.075     1.1   8.4 25.6   1.5  ML
20140928.05.00 20140928  05  00  09.610   38.9665    35.8105    4.4   8.4 25.6   1.9  ML
20140927.15.43 20140927  15  43  37.660   37.0267    35.5442    11.8  8.4 25.6   2.0  ML
20140927.13.29 20140927  13  29  33.880   38.718     35.6882    5.0   8.4 25.6   1.8  ML
20140925.12.36 20140925  12  36  17.410   38.6423    35.7748    5.0   8.4 25.6   2.4  ML
20140923.14.18 20140923  14  18  56.320   38.9133    33.7155    6.2   8.4 25.6   1.6  ML
20140923.11.01 20140923  11  01  48.370   37.9915    35.6255    5.0   8.4 25.6   1.5  ML
20140922.23.01 20140922  23  01  32.270   37.123     35.5983    5.4   8.4 25.6   1.6  ML
20140922.16.22 20140922  16  22  00.510   38.7342    35.8095    2.9   8.4 25.6   1.7  ML
20140922.07.02 20140922  07  02  45.590   38.6938    35.7627    3.8   8.4 25.6   1.6  ML
20140920.14.37 20140920  14  37  03.810   38.7133    35.7155    4.1   8.4 25.6   1.6  ML
20140917.12.26 20140917  12  26  27.720   38.439     34.071     4.5   8.4 25.6   1.5  ML
20140917.07.11 20140917  07  11  06.740   38.6693    35.7917    1.8   8.4 25.6   1.9  ML
20140915.13.38 20140915  13  38  30.830   37.0585    34.8468    13.9  8.4 25.6   2.1  ML
20140915.11.35 20140915  11  35  22.790   38.3073    34.1465    20.9  8.4 25.6   2.0  ML
20140913.08.59 20140913  08  59  47.800   37.9643    34.808     6.6   8.4 25.6   1.9  ML
20140912.14.00 20140912  14  00  59.800   37.3808    34.9962    3.7   8.4 25.6   1.7  ML
20140912.11.55 20140912  11  55  46.470   38.7088    35.6903    5.0   8.4 25.6   2.0  ML
20140912.09.12 20140912  09  12  09.280   37.0607    34.882     11.1  8.4 25.6   1.7  ML
20140911.09.42 20140911  09  42  15.990   38.9915    35.8052    5.8   8.4 25.6   2.1  ML
20140909.22.15 20140909  22  15  26.040   37.868     33.3503    5.0   8.4 25.6   2.4  ML
20140909.22.03 20140909  22  03  46.500   37.8667    33.345     7.6   8.4 25.6   2.5  ML
20140909.05.58 20140909  05  58  39.910   38.6865    35.7138    5.0   8.4 25.6   1.8  ML
20140908.14.14 20140908  14  14  22.240   38.6508    35.756     5.0   8.4 25.6   1.9  ML
20140906.22.25 20140906  22  25  01.020   38.3492    35.8258    5.0   8.4 25.6   3.2  ML
20140906.00.14 20140906  00  14  26.420   37.3602    34.3368    5.3   8.4 25.6   2.2  ML
20140904.11.18 20140904  11  18  34.880   37.3722    35.0067    4.5   8.4 25.6   1.6  ML
20140904.10.50 20140904  10  50  56.460   38.0295    35.5918    5.4   8.4 25.6   1.5  ML
20140903.22.06 20140903  22  06  30.790   37.5952    34.8917    8.0   8.4 25.6   2.1  ML
20140903.13.33 20140903  13  33  22.190   37.9705    35.2633    5.0   8.4 25.6   2.8  ML
20140903.10.13 20140903  10  13  39.730   37.9827    34.8428    5.8   8.4 25.6   1.6  ML
20140901.17.05 20140901  17  05  31.190   37.7202    35.6802    7.3   8.4 25.6   2.1  ML
20140901.16.53 20140901  16  53  04.240   37.6897    35.8167    5.4   8.4 25.6   1.9  ML
20140901.11.03 20140901  11  03  05.320   37.659     35.8825    21.9  8.4 25.6   2.3  ML
20140831.15.22 20140831  15  22  21.540   38.7443    35.6863    3.3   8.4 25.6   1.8  ML
20140831.10.45 20140831  10  45  17.370   38.0097    35.6065    7.2   8.4 25.6   1.9  ML
20140827.13.20 20140827  13  20  01.080   38.7632    35.6623    4.5   8.4 25.6   1.9  ML
20140827.11.15 20140827  11  15  36.590   37.0385    34.4637    3.5   8.4 25.6   1.5  ML
20140823.15.16 20140823  15  16  51.140   37.1552    35.7748    7.6   8.4 25.6   2.2  ML
20140822.09.58 20140822  09  58  23.840   37.4437    35.004     4.1   8.4 25.6   2.1  ML
20140821.10.10 20140821  10  10  10.900   38.6752    34.7217    1.3   8.4 25.6   1.9  ML
20140821.09.56 20140821  09  56  28.720   37.8827    33.3148    5.0   8.4 25.6   1.9  ML
20140820.15.28 20140820  15  28  52.100   38.753     35.6323    5.0   8.4 25.6   2.1  ML
20140819.11.01 20140819  11  01  36.260   37.3302    35.007     4.3   8.4 25.6   1.6  ML
20140818.10.02 20140818  10  02  25.680   38.7183    35.6852    5.0   8.4 25.6   2.1  ML
20140818.09.24 20140818  09  24  33.490   37.8323    35.9533    10.3  8.4 25.6   2.1  ML
20140818.06.19 20140818  06  19  03.520   37.7603    35.9953    24.6  8.4 25.6   1.9  ML
20140815.09.52 20140815  09  52  12.490   38.6468    35.78      5.1   8.4 25.6   1.5  ML
20140814.12.51 20140814  12  51  14.760   38.7283    35.7082    2.5   8.4 25.6   1.7  ML
20140812.14.13 20140812  14  13  28.340   38.6345    33.3653    7.1   8.4 25.6   1.9  ML
20140811.11.34 20140811  11  34  46.950   38.3017    34.1057    8.3   8.4 25.6   2.0  ML
20140809.10.11 20140809  10  11  18.260   38.9897    35.8353    4.2   8.4 25.6   2.1  ML
20140808.20.56 20140808  20  56  19.080   37.661     35.888     8.1   8.4 25.6   1.5  ML
20140808.12.14 20140808  12  14  54.210   38.639     35.7475    5.0   8.4 25.6   2.1  ML
20140805.14.17 20140805  14  17  53.050   37.8427    34.1442    5.0   8.4 25.6   2.0  ML
20140804.12.48 20140804  12  48  05.910   37.0363    35.0658    5.1   8.4 25.6   1.5  ML
20140803.22.15 20140803  22  15  04.620   38.1953    33.4297    15.2  8.4 25.6   1.7  ML
20140803.10.31 20140803  10  31  27.410   37.1808    35.8263    16.4  8.4 25.6   2.3  ML
20140801.09.38 20140801  09  38  54.430   38.6568    35.7385    1.7   8.4 25.6   1.9  ML
20140801.09.13 20140801  09  13  37.160   37.0348    34.9397    12.0  8.4 25.6   1.6  ML
20140731.02.05 20140731  02  05  53.940   37.2567    35.1052    6.5   8.4 25.6   2.0  ML
20140728.11.30 20140728  11  30  56.250   37.0163    35.5542    20.9  8.4 25.6   1.6  ML
20140726.19.41 20140726  19  41  22.810   37.5377    35.6825    1.2   8.4 25.6   2.7  ML
20140725.22.28 20140725  22  28  33.740   38.8378    35.659     7.4   8.4 25.6   1.6  ML
20140725.02.26 20140725  02  26  59.370   38.0212    35.491     5.0   8.4 25.6   2.5  ML
20140724.14.57 20140724  14  57  04.820   37.1008    35.6798    4.9   8.4 25.6   2.0  ML
20140724.14.03 20140724  14  03  30.230   37.4433    34.1997    13.4  8.4 25.6   2.1  ML
20140722.11.40 20140722  11  40  16.530   38.7343    35.761     2.6   8.4 25.6   1.9  ML
20140721.12.37 20140721  12  37  40.410   37.638     35.4842    5.7   8.4 25.6   1.8  ML
20140720.06.06 20140720  06  06  11.480   37.0453    35.5813    19.8  8.4 25.6   2.0  ML
20140718.16.45 20140718  16  45  26.720   37.969     35.6135    8.3   8.4 25.6   1.9  ML
20140717.09.07 20140717  09  07  15.790   38.6427    35.7547    3.8   8.4 25.6   1.9  ML
20140716.14.42 20140716  14  42  43.570   38.0098    34.8242    3.9   8.4 25.6   1.9  ML
20140716.04.51 20140716  04  51  10.590   37.1073    35.4702    19.4  8.4 25.6   1.9  ML
20140715.23.37 20140715  23  37  17.370   38.9682    33.8983    5.4   8.4 25.6   1.9  ML
20140715.15.18 20140715  15  18  12.700   38.9432    33.7102    6.5   8.4 25.6   1.5  ML
20140714.10.11 20140714  10  11  56.850   38.2873    34.1032    5.2   8.4 25.6   2.2  ML
20140711.15.27 20140711  15  27  08.100   38.917     35.6768    5.0   8.4 25.6   1.7  ML
20140711.13.15 20140711  13  15  52.050   38.7132    35.7598    5.0   8.4 25.6   1.9  ML
20140709.20.41 20140709  20  41  00.320   38.9637    35.7298    7.4   8.4 25.6   1.8  ML
20140707.09.38 20140707  09  38  28.200   38.7213    33.2828    5.0   8.4 25.6   1.7  ML
20140707.06.53 20140707  06  53  15.590   37.057     34.879     5.2   8.4 25.6   1.5  ML
20140705.15.22 20140705  15  22  22.740   37.4407    34.209     6.4   8.4 25.6   2.0  ML
20140705.12.05 20140705  12  05  11.870   38.65      35.7895    4.9   8.4 25.6   1.8  ML
20140704.12.03 20140704  12  03  34.990   38.8105    35.8062    4.8   8.4 25.6   1.5  ML
20140703.16.54 20140703  16  54  24.380   37.998     35.6195    5.0   8.4 25.6   1.7  ML
20140702.14.22 20140702  14  22  10.600   37.0642    35.8002    8.8   8.4 25.6   3.0  ML
20140629.23.11 20140629  23  11  25.010   38.0157    35.4765    5.3   8.4 25.6   2.6  ML
20140629.20.45 20140629  20  45  17.860   37.6665    34.9918    14.6  8.4 25.6   1.7  ML
20140627.09.07 20140627  09  07  19.220   38.8548    35.0018    1.7   8.4 25.6   1.9  ML
20140626.04.14 20140626  04  14  59.090   37.542     35.6772    5.3   8.4 25.6   2.1  ML
20140625.04.23 20140625  04  23  26.670   37.5515    35.9253    11.7  8.4 25.6   3.0  ML
20140623.09.28 20140623  09  28  30.990   38.2785    34.111     3.6   8.4 25.6   2.0  ML
20140623.05.32 20140623  05  32  25.400   38.2845    34.0747    12.5  8.4 25.6   1.5  ML
20140622.19.05 20140622  19  05  13.990   37.8758    35.8783    8.5   8.4 25.6   1.7  ML
20140621.11.16 20140621  11  16  43.390   38.7465    35.9283    5.0   8.4 25.6   1.8  ML
20140621.10.43 20140621  10  43  24.910   37.9648    35.6002    3.6   8.4 25.6   2.0  ML
20140620.10.54 20140620  10  54  29.450   38.7082    35.9972    5.0   8.4 25.6   1.5  ML
20140619.12.54 20140619  12  54  18.700   37.8653    35.1033    10.0  8.4 25.6   2.2  ML
20140619.07.00 20140619  07  00  46.230   37.027     35.7622    5.0   8.4 25.6   1.6  ML
20140619.05.21 20140619  05  21  38.100   37.519     35.6712    5.2   8.4 25.6   2.9  ML
20140617.12.42 20140617  12  42  36.280   37.3567    35.4097    29.9  8.4 25.6   1.5  ML
20140616.10.45 20140616  10  45  56.300   37.467     35.3007    7.7   8.4 25.6   2.0  ML
20140616.02.10 20140616  02  10  37.820   37.3377    34.9885    9.6   8.4 25.6   1.5  ML
20140615.20.54 20140615  20  54  55.120   37.6997    35.636     3.9   8.4 25.6   1.5  ML
20140615.09.21 20140615  09  21  34.340   38.4588    35.0592    5.0   8.4 25.6   1.7  ML
20140614.18.30 20140614  18  30  09.270   37.1662    35.9723    24.8  8.4 25.6   1.8  ML
20140614.13.45 20140614  13  45  29.590   38.3352    33.3727    11.9  8.4 25.6   2.0  ML
20140610.13.51 20140610  13  51  19.970   38.9797    33.7052    2.3   8.4 25.6   1.5  ML
20140610.12.56 20140610  12  56  15.270   38.7598    35.9132    3.2   8.4 25.6   1.8  ML
20140610.12.39 20140610  12  39  31.450   37.639     35.4758    1.1   8.4 25.6   1.5  ML
20140610.01.03 20140610  01  03  21.040   37.388     35.7553    22.0  8.4 25.6   1.5  ML
20140609.07.55 20140609  07  55  04.270   37.0905    34.5235    7.9   8.4 25.6   2.5  ML
20140605.18.59 20140605  18  59  21.190   37.0982    35.7818    20.2  8.4 25.6   1.7  ML
20140605.15.17 20140605  15  17  12.820   37.4417    34.1538    8.6   8.4 25.6   2.3  ML
20140604.09.18 20140604  09  18  23.570   38.9533    35.0193    5.0   8.4 25.6   2.0  ML
20140603.15.11 20140603  15  11  14.920   38.9573    33.7065    2.4   8.4 25.6   1.6  ML
20140602.09.18 20140602  09  18  39.200   38.3057    34.135     4.3   8.4 25.6   2.1  ML
20140601.06.09 20140601  06  09  47.200   37.725     35.5482    6.3   8.4 25.6   1.9  ML
20140601.05.58 20140601  05  58  51.040   37.74      35.5523    5.0   8.4 25.6   2.5  ML
20140531.14.08 20140531  14  08  23.250   38.7332    35.6433    5.0   8.4 25.6   1.8  ML
20140530.04.59 20140530  04  59  59.290   38.974     35.89      6.2   8.4 25.6   1.9  ML
20140528.12.54 20140528  12  54  16.770   38.6473    35.764     3.7   8.4 25.6   1.7  ML
20140527.13.53 20140527  13  53  53.730   38.7615    35.86      17.5  8.4 25.6   1.9  ML
20140527.09.07 20140527  09  07  17.420   38.727     35.7045    5.0   8.4 25.6   1.8  ML
20140527.00.04 20140527  00  04  07.530   37.2677    34.7712    7.5   8.4 25.6   2.5  ML
20140526.06.20 20140526  06  20  37.360   38.7958    35.47      4.2   8.4 25.6   1.8  ML
20140524.14.53 20140524  14  53  45.580   37.4243    34.1658    7.6   8.4 25.6   2.6  ML
20140522.16.42 20140522  16  42  21.660   38.9403    33.707     2.0   8.4 25.6   1.6  ML
20140522.13.07 20140522  13  07  22.360   37.6173    35.4953    9.0   8.4 25.6   1.6  ML
20140521.14.52 20140521  14  52  20.320   37.4183    34.235     9.2   8.4 25.6   2.2  ML
20140521.06.07 20140521  06  07  18.430   37.15      35.5673    9.5   8.4 25.6   2.0  ML
20140520.15.52 20140520  15  52  23.510   37.4878    35.4047    15.6  8.4 25.6   1.9  ML
20140516.11.23 20140516  11  23  51.880   38.976     35.7772    6.9   8.4 25.6   2.0  ML
20140516.09.25 20140516  09  25  41.120   37.333     35.0428    5.7   8.4 25.6   1.6  ML
20140513.20.48 20140513  20  48  46.570   38.1602    35.1698    10.6  8.4 25.6   1.5  ML
20140513.11.08 20140513  11  08  36.190   38.9883    34.9427    7.6   8.4 25.6   1.8  ML
20140512.19.51 20140512  19  51  15.400   37.9592    33.0175    8.8   8.4 25.6   1.5  ML
20140512.16.22 20140512  16  22  26.880   37.1495    33.273     5.0   8.4 25.6   1.6  ML
20140512.15.02 20140512  15  02  47.850   37.9602    35.6047    12.5  8.4 25.6   1.8  ML
20140512.13.31 20140512  13  31  44.700   38.6413    35.785     5.2   8.4 25.6   1.9  ML
20140512.04.23 20140512  04  23  20.210   37.1462    35.9155    6.4   8.4 25.6   1.5  ML
20140511.12.14 20140511  12  14  49.760   37.9003    35.3603    4.1   8.4 25.6   2.6  ML
20140511.01.49 20140511  01  49  36.130   38.6815    33.6107    6.7   8.4 25.6   1.8  ML
20140509.13.14 20140509  13  14  08.960   37.0362    35.6097    10.2  8.4 25.6   3.1  ML
20140508.12.31 20140508  12  31  00.950   38.7823    35.8465    28.6  8.4 25.6   1.6  ML
20140507.07.26 20140507  07  26  22.050   37.1047    34.861     13.0  8.4 25.6   1.6  ML
20140505.09.16 20140505  09  16  55.400   37.5118    35.6478    3.4   8.4 25.6   2.2  ML
20140504.23.15 20140504  23  15  34.990   38.8992    33.4122    4.6   8.4 25.6   1.6  ML
20140501.10.06 20140501  10  06  28.250   37.9643    34.801     5.4   8.4 25.6   1.9  ML
20140501.03.12 20140501  03  12  26.180   37.0238    35.5822    23.6  8.4 25.6   1.5  ML
20140430.10.18 20140430  10  18  28.900   38.9165    33.6972    3.6   8.4 25.6   1.9  ML
20140429.12.30 20140429  12  30  54.610   38.9658    34.9563    10.6  8.4 25.6   1.8  ML
20140428.15.28 20140428  15  28  28.540   37.1418    34.6083    8.8   8.4 25.6   2.1  ML
20140427.01.51 20140427  01  51  01.750   38.8175    33.0158    14.6  8.4 25.6   1.5  ML
20140426.04.20 20140426  04  20  28.600   38.7867    33.1442    15.3  8.4 25.6   1.6  ML
20140426.02.00 20140426  02  00  01.700   37.5533    35.6782    10.0  8.4 25.6   1.8  ML
20140425.11.27 20140425  11  27  21.210   38.999     35.0242    4.7   8.4 25.6   1.9  ML
20140425.08.57 20140425  08  57  11.360   38.754     35.9623    5.0   8.4 25.6   1.7  ML
20140423.12.49 20140423  12  49  23.320   38.4957    35.0708    2.8   8.4 25.6   1.9  ML
20140422.15.15 20140422  15  15  10.050   38.6975    35.6932    5.0   8.4 25.6   1.9  ML
20140420.09.23 20140420  09  23  11.890   37.0627    34.751     6.2   8.4 25.6   1.9  ML
20140417.10.58 20140417  10  58  46.670   38.6572    33.7647    4.3   8.4 25.6   2.0  ML
20140417.07.17 20140417  07  17  15.290   38.2567    34.0808    5.1   8.4 25.6   1.8  ML
20140416.16.37 20140416  16  37  40.300   38.9477    33.701     5.0   8.4 25.6   1.5  ML
20140416.09.50 20140416  09  50  35.460   37.1037    34.8815    1.9   8.4 25.6   1.7  ML
20140416.09.39 20140416  09  39  53.470   37.1388    34.6282    7.0   8.4 25.6   2.0  ML
20140415.11.27 20140415  11  27  21.380   37.5842    33.3732    7.8   8.4 25.6   2.3  ML
20140414.19.07 20140414  19  07  39.700   37.5908    33.3775    8.3   8.4 25.6   2.0  ML
20140414.13.18 20140414  13  18  12.980   38.7408    35.6635    5.0   8.4 25.6   2.1  ML
20140414.12.34 20140414  12  34  06.580   37.5862    33.3725    9.2   8.4 25.6   2.3  ML
20140412.22.08 20140412  22  08  34.580   37.4022    35.8725    11.7  8.4 25.6   2.3  ML
20140412.09.20 20140412  09  20  23.240   38.6535    35.725     2.2   8.4 25.6   2.1  ML
20140409.23.22 20140409  23  22  34.270   37.523     35.3697    8.3   8.4 25.6   1.8  ML
20140409.14.09 20140409  14  09  25.680   37.0942    34.671     5.0   8.4 25.6   2.0  ML
20140409.04.13 20140409  04  13  07.070   38.3392    33.369     11.5  8.4 25.6   2.4  ML
20140407.20.09 20140407  20  09  31.580   38.7967    33.1362    5.0   8.4 25.6   2.2  ML
20140407.10.56 20140407  10  56  11.670   38.9528    34.7807    12.7  8.4 25.6   1.5  ML
20140407.06.40 20140407  06  40  57.010   38.3242    34.177     15.7  8.4 25.6   2.0  ML
20140405.14.59 20140405  14  59  06.400   37.1245    34.6417    2.5   8.4 25.6   1.9  ML
20140405.06.04 20140405  06  04  49.880   38.8432    33.5275    4.7   8.4 25.6   2.0  ML
20140403.10.16 20140403  10  16  29.070   38.9935    35.8535    2.4   8.4 25.6   2.1  ML
20140402.10.13 20140402  10  13  49.110   38.6415    35.7325    1.2   8.4 25.6   2.0  ML
20140331.13.42 20140331  13  42  40.800   38.659     35.7505    1.1   8.4 25.6   2.0  ML
20140324.14.20 20140324  14  20  03.880   38.6492    35.7627    5.0   8.4 25.6   2.1  ML
20140324.13.05 20140324  13  05  21.450   37.0235    35.056     9.5   8.4 25.6   1.6  ML
20140324.08.04 20140324  08  04  12.120   38.3192    34.0788    6.7   8.4 25.6   1.9  ML
20140324.00.29 20140324  00  29  56.470   37.8722    35.4092    10.8  8.4 25.6   2.0  ML
20140322.12.21 20140322  12  21  58.450   37.1073    34.673     5.0   8.4 25.6   1.8  ML
20140320.16.39 20140320  16  39  32.490   38.6447    35.7745    5.0   8.4 25.6   1.8  ML
20140319.15.45 20140319  15  45  08.170   37.0438    34.9463    15.3  8.4 25.6   1.5  ML
20140319.12.20 20140319  12  20  08.010   38.9657    34.9253    7.8   8.4 25.6   1.9  ML
20140319.09.58 20140319  09  58  01.860   38.9642    34.9623    5.0   8.4 25.6   1.8  ML
20140318.16.15 20140318  16  15  52.320   38.684     35.7433    5.0   8.4 25.6   1.8  ML
20140317.10.07 20140317  10  07  59.910   38.6577    35.7333    5.2   8.4 25.6   1.8  ML
20140315.11.29 20140315  11  29  24.410   37.0805    34.6868    5.0   8.4 25.6   2.4  ML
20140311.20.12 20140311  20  12  52.180   37.7962    35.7905    1.3   8.4 25.6   1.8  ML
20140309.19.27 20140309  19  27  51.340   37.661     33.421     7.3   8.4 25.6   1.9  ML
20140308.09.58 20140308  09  58  02.380   37.782     35.8102    19.2  8.4 25.6   2.1  ML
20140307.14.19 20140307  14  19  11.010   38.6548    35.7473    5.9   8.4 25.6   1.7  ML
20140307.12.43 20140307  12  43  44.390   38.6797    34.7177    1.8   8.4 25.6   1.8  ML
20140307.01.29 20140307  01  29  21.440   37.7783    35.8373    3.0   8.4 25.6   2.5  ML
20140306.13.40 20140306  13  40  02.160   37.7763    35.8378    5.4   8.4 25.6   2.9  ML
20140305.16.00 20140305  16  00  58.250   37.7517    35.8425    5.0   8.4 25.6   1.8  ML
20140304.07.46 20140304  07  46  00.180   37.1103    34.6675    6.7   8.4 25.6   2.4  ML
20140303.08.52 20140303  08  52  40.490   37.797     35.8282    4.5   8.4 25.6   2.2  ML
20140301.15.37 20140301  15  37  03.630   38.677     33.3893    9.6   8.4 25.6   1.8  ML
20140301.10.42 20140301  10  42  17.170   38.6395    35.7142    4.1   8.4 25.6   1.9  ML
20140227.10.27 20140227  10  27  02.700   38.647     35.7565    5.0   8.4 25.6   2.0  ML
20140227.10.09 20140227  10  09  44.960   38.6858    35.7353    5.0   8.4 25.6   1.9  ML
20140226.22.50 20140226  22  50  38.460   37.7465    35.1243    10.3  8.4 25.6   2.0  ML
20140225.11.54 20140225  11  54  46.940   37.4023    35.0418    5.0   8.4 25.6   2.2  ML
20140222.14.49 20140222  14  49  34.790   38.9202    33.7037    5.4   8.4 25.6   1.8  ML
20140222.13.38 20140222  13  38  52.040   37.6122    35.7387    4.9   8.4 25.6   1.5  ML
20140222.11.02 20140222  11  02  58.800   38.4495    34.078     4.6   8.4 25.6   1.6  ML
20140222.10.13 20140222  10  13  35.240   37.0945    34.6892    9.6   8.4 25.6   2.1  ML
20140222.09.46 20140222  09  46  37.940   37.6242    35.4162    13.5  8.4 25.6   1.5  ML
20140221.19.58 20140221  19  58  51.490   37.4325    35.8738    2.3   8.4 25.6   1.5  ML
20140221.16.27 20140221  16  27  28.440   37.668     35.4327    5.3   8.4 25.6   1.8  ML
20140221.12.31 20140221  12  31  13.040   38.9453    34.9445    6.2   8.4 25.6   1.9  ML
20140221.08.51 20140221  08  51  55.000   38.5047    33.9017    5.4   8.4 25.6   1.9  ML
20140219.13.39 20140219  13  39  23.850   37.156     34.6982    6.3   8.4 25.6   1.6  ML
20140219.13.10 20140219  13  10  11.900   37.6408    35.4098    17.0  8.4 25.6   1.7  ML
20140218.13.45 20140218  13  45  40.080   37.0843    34.6883    1.7   8.4 25.6   2.8  ML
20140215.13.46 20140215  13  46  41.430   37.662     35.4753    4.2   8.4 25.6   1.9  ML
20140213.21.50 20140213  21  50  03.130   37.6055    35.9395    15.6  8.4 25.6   2.1  ML
20140213.14.15 20140213  14  15  25.970   38.9072    34.9948    9.6   8.4 25.6   2.1  ML
20140212.15.46 20140212  15  46  05.840   37.1672    33.3315    3.4   8.4 25.6   1.8  ML
20140211.08.21 20140211  08  21  28.220   38.2922    34.0708    5.8   8.4 25.6   2.1  ML
20140210.13.31 20140210  13  31  35.020   38.9655    35.0913    5.8   8.4 25.6   2.0  ML
20140209.09.49 20140209  09  49  22.170   37.6247    35.4333    6.9   8.4 25.6   1.8  ML
20140209.07.47 20140209  07  47  39.280   37.7503    35.2522    10.6  8.4 25.6   1.7  ML
20140207.13.54 20140207  13  54  45.770   37.6593    35.4905    3.0   8.4 25.6   2.0  ML
20140207.13.17 20140207  13  17  22.030   37.5678    35.4137    23.2  8.4 25.6   1.6  ML
20140207.11.57 20140207  11  57  55.630   38.1252    34.278     5.0   8.4 25.6   2.2  ML
20140205.18.57 20140205  18  57  05.990   37.1075    35.7643    21.7  8.4 25.6   1.7  ML
20140205.16.00 20140205  16  00  44.020   37.0408    35.5322    11.3  8.4 25.6   2.0  ML
20140205.14.51 20140205  14  51  01.400   37.0997    35.7403    14.4  8.4 25.6   2.0  ML
20140205.14.40 20140205  14  40  17.590   37.8003    33.5772    14.1  8.4 25.6   1.7  ML
20140205.10.44 20140205  10  44  22.630   38.4885    35.1128    8.1   8.4 25.6   1.8  ML
20140204.10.12 20140204  10  12  15.980   38.6378    35.7933    7.1   8.4 25.6   1.7  ML
20140202.17.44 20140202  17  44  24.550   38.8193    34.0065    9.5   8.4 25.6   2.2  ML
20140201.13.46 20140201  13  46  14.540   37.7497    35.517     18.3  8.4 25.6   1.6  ML
20140130.13.43 20140130  13  43  24.530   37.6023    35.4415    4.4   8.4 25.6   1.7  ML
20140127.17.24 20140127  17  24  53.810   37.0272    35.5418    20.1  8.4 25.6   2.4  ML
20140126.04.09 20140126  04  09  37.450   37.1068    35.7232    14.4  8.4 25.6   1.5  ML
20140126.02.52 20140126  02  52  50.150   37.0677    35.7158    20.5  8.4 25.6   1.6  ML
20140125.15.38 20140125  15  38  14.100   38.162     35.3962    21.6  8.4 25.6   1.7  ML
20140124.13.54 20140124  13  54  54.650   37.1018    34.6858    5.0   8.4 25.6   2.8  ML
20140123.16.40 20140123  16  40  16.090   37.3883    35.4232    5.1   8.4 25.6   1.5  ML
20140122.11.30 20140122  11  30  57.540   37.0968    34.6698    4.0   8.4 25.6   2.3  ML
20140120.15.01 20140120  15  01  30.520   37.1118    34.6455    9.5   8.4 25.6   2.1  ML
20140120.11.18 20140120  11  18  51.740   37.2417    35.8502    26.0  8.4 25.6   2.2  ML
20140118.05.54 20140118  05  54  50.960   37.5225    35.6587    1.0   8.4 25.6   1.7  ML
20140117.12.37 20140117  12  37  08.380   38.9543    33.7005    1.4   8.4 25.6   1.7  ML
20140115.12.47 20140115  12  47  20.290   38.9885    33.6502    3.1   8.4 25.6   2.0  ML
20140114.14.54 20140114  14  54  35.280   37.6925    35.4325    15.8  8.4 25.6   1.5  ML
20140112.05.55 20140112  05  55  37.050   38.0707    35.1898    5.4   8.4 25.6   2.1  ML
20140111.14.43 20140111  14  43  32.980   38.963     33.7067    2.6   8.4 25.6   1.7  ML
20140109.14.47 20140109  14  47  41.280   37.7652    35.4527    5.2   8.4 25.6   1.9  ML
20140109.05.08 20140109  05  08  32.960   37.9522    35.1313    5.1   8.4 25.6   2.4  ML
20140107.21.53 20140107  21  53  56.180   38.7102    33.3383    15.9  8.4 25.6   1.5  ML
20140107.13.16 20140107  13  16  29.970   37.1233    34.6358    6.6   8.4 25.6   2.5  ML
20140106.13.42 20140106  13  42  18.170   37.6152    35.4632    6.7   8.4 25.6   1.8  ML
20140105.14.54 20140105  14  54  58.670   37.6997    35.4402    13.4  8.4 25.6   1.6  ML
20140103.09.34 20140103  09  34  12.570   38.5747    33.0217    8.7   8.4 25.6   1.7  ML
20140101.09.31 20140101  09  31  42.790   37.0968    34.8173    7.8   8.4 25.6   1.7  ML
20131231.11.47 20131231  11  47  32.400   37.338     35.064     6.2   8.4 25.6   2.3  ML
20131230.05.44 20131230  05  44  17.220   37.1637    34.572     14.2  8.4 25.6   2.0  ML
20131230.04.13 20131230  04  13  30.600   38.7295    33.5202    16.8  8.4 25.6   1.5  ML
20131229.14.46 20131229  14  46  19.190   37.6897    35.435     10.6  8.4 25.6   1.8  ML
20131228.18.36 20131228  18  36  57.590   37.515     35.5167    5.5   8.4 25.6   2.3  ML
20131227.13.35 20131227  13  35  38.170   38.6447    35.9167    16.9  8.4 25.6   1.7  ML
20131227.12.17 20131227  12  17  55.330   37.6262    35.4088    22.6  8.4 25.6   1.8  ML
20131226.09.00 20131226  09  00  15.110   38.9132    33.6547    6.7   8.4 25.6   2.2  ML
20131225.13.24 20131225  13  24  50.300   37.0807    34.6875    5.0   8.4 25.6   2.7  ML
20131225.08.18 20131225  08  18  39.160   37.525     35.6722    5.0   8.4 25.6   2.1  ML
20131224.13.29 20131224  13  29  21.140   38.022     34.6338    4.5   8.4 25.6   1.9  ML
20131224.10.02 20131224  10  02  35.080   37.208     35.9763    23.6  8.4 25.6   1.8  ML
20131222.14.38 20131222  14  38  12.650   37.701     35.4212    22.0  8.4 25.6   1.5  ML
20131222.12.45 20131222  12  45  44.070   38.4562    35.1447    9.1   8.4 25.6   1.7  ML
20131221.14.46 20131221  14  46  13.800   38.7442    34.0105    10.3  8.4 25.6   2.1  ML
20131221.07.57 20131221  07  57  21.170   37.5925    35.4968    6.8   8.4 25.6   1.9  ML
20131220.14.05 20131220  14  05  09.920   37.0375    34.916     14.6  8.4 25.6   1.8  ML
20131218.14.42 20131218  14  42  41.500   37.6678    35.4455    23.5  8.4 25.6   1.6  ML
20131218.12.07 20131218  12  07  19.920   38.3083    34.057     8.8   8.4 25.6   2.2  ML
20131217.20.28 20131217  20  28  55.120   37.2178    35.9795    10.4  8.4 25.6   2.1  ML
20131217.13.49 20131217  13  49  12.630   37.6605    35.4828    3.1   8.4 25.6   2.1  ML
20131217.12.47 20131217  12  47  18.240   38.6793    35.6795    5.0   8.4 25.6   1.8  ML
20131216.14.35 20131216  14  35  07.990   37.4797    33.3673    13.8  8.4 25.6   1.7  ML
20131214.02.44 20131214  02  44  48.580   38.794     33.5653    8.4   8.4 25.6   1.7  ML
20131213.12.36 20131213  12  36  51.060   38.985     35.8208    3.6   8.4 25.6   2.0  ML
20131213.11.02 20131213  11  02  08.400   37.3407    35.1187    3.3   8.4 25.6   2.4  ML
20131212.13.20 20131212  13  20  39.000   37.6353    35.4053    10.3  8.4 25.6   1.9  ML
20131211.20.52 20131211  20  52  39.720   38.1237    34.8373    5.2   8.4 25.6   2.6  ML
20131211.11.01 20131211  11  01  05.360   38.4683    34.1413    7.3   8.4 25.6   1.9  ML
20131211.01.20 20131211  01  20  43.180   37.675     35.9018    5.4   8.4 25.6   1.8  ML
20131210.16.41 20131210  16  41  26.390   37.8385    35.0097    7.5   8.4 25.6   2.2  ML
20131210.13.27 20131210  13  27  03.020   38.6355    35.8003    1.9   8.4 25.6   1.8  ML
20131210.03.34 20131210  03  34  03.210   37.2572    35.8167    21.7  8.4 25.6   1.7  ML
20131210.02.52 20131210  02  52  18.590   37.1537    35.8117    8.3   8.4 25.6   1.7  ML
20131207.20.33 20131207  20  33  33.680   37.704     33.445     5.4   8.4 25.6   2.6  ML
20131206.12.34 20131206  12  34  30.420   38.472     35.0978    8.8   8.4 25.6   2.2  ML
20131206.09.53 20131206  09  53  26.830   37.0403    34.9357    10.7  8.4 25.6   1.5  ML
20131206.09.38 20131206  09  38  50.370   38.8388    35.0987    7.3   8.4 25.6   2.2  ML
20131205.13.04 20131205  13  04  32.380   38.4502    34.094     5.0   8.4 25.6   1.8  ML
20131205.12.48 20131205  12  48  43.980   38.6407    35.7532    5.0   8.4 25.6   2.0  ML
20131204.10.15 20131204  10  15  03.030   38.0035    34.894     5.0   8.4 25.6   2.4  ML
20131204.09.32 20131204  09  32  38.740   37.6537    35.4057    22.9  8.4 25.6   2.0  ML
20131203.13.30 20131203  13  30  25.110   37.1195    34.6623    2.1   8.4 25.6   2.8  ML
20131202.02.36 20131202  02  36  16.270   37.1028    35.1497    8.7   8.4 25.6   2.1  ML
20131130.14.42 20131130  14  42  43.990   37.136     35.1328    6.3   8.4 25.6   2.6  ML
20131130.13.44 20131130  13  44  11.920   37.1017    34.8635    8.9   8.4 25.6   1.8  ML
20131130.11.22 20131130  11  22  34.120   37.2142    35.714     6.6   8.4 25.6   2.4  ML
20131129.13.50 20131129  13  50  29.970   37.0625    34.7102    2.0   8.4 25.6   2.9  ML
20131128.02.24 20131128  02  24  50.920   37.4535    35.8768    9.8   8.4 25.6   2.8  ML
20131126.10.30 20131126  10  30  13.530   37.6487    34.7355    2.3   8.4 25.6   2.3  ML
20131125.14.33 20131125  14  33  58.700   37.2247    34.7817    7.5   8.4 25.6   1.9  ML
20131125.12.03 20131125  12  03  06.810   38.9933    35.8488    1.3   8.4 25.6   1.7  ML
20131125.09.28 20131125  09  28  33.900   37.0207    34.98      5.0   8.4 25.6   1.8  ML
20131125.07.09 20131125  07  09  17.460   37.0463    35.6935    18.5  8.4 25.6   2.5  ML
20131123.04.39 20131123  04  39  10.190   37.8138    33.643     5.0   8.4 25.6   1.9  ML
20131122.20.22 20131122  20  22  41.670   37.0178    35.5703    20.9  8.4 25.6   2.1  ML
20131121.18.30 20131121  18  30  36.990   37.3038    34.3338    7.4   8.4 25.6   2.1  ML
20131121.12.53 20131121  12  53  57.240   38.0935    33.0005    22.6  8.4 25.6   1.7  ML
20131119.18.27 20131119  18  27  07.600   37.6778    35.3315    5.0   8.4 25.6   1.7  ML
20131119.13.33 20131119  13  33  15.560   37.954     34.7547    5.0   8.4 25.6   2.3  ML
20131119.09.07 20131119  09  07  51.280   37.3855    35.5713    9.5   8.4 25.6   2.0  ML
20131116.22.08 20131116  22  08  00.570   37.0357    35.5532    9.5   8.4 25.6   1.8  ML
20131116.14.01 20131116  14  01  14.700   38.8887    34.9988    4.5   8.4 25.6   2.3  ML
20131116.13.04 20131116  13  04  58.820   38.7718    33.9623    7.3   8.4 25.6   2.0  ML
20131116.03.22 20131116  03  22  53.230   38.998     33.8845    11.1  8.4 25.6   1.9  ML
20131115.15.55 20131115  15  55  42.840   38.6803    35.7078    4.8   8.4 25.6   1.9  ML
20131115.12.23 20131115  12  23  01.740   38.8245    33.525     4.0   8.4 25.6   2.0  ML
20131114.10.31 20131114  10  31  52.100   37.153     34.6105    5.0   8.4 25.6   2.6  ML
20131113.13.58 20131113  13  58  54.540   38.2985    34.1155    4.8   8.4 25.6   2.2  ML
20131110.02.31 20131110  02  31  20.990   37.1168    35.9372    21.9  8.4 25.6   1.8  ML
20131106.05.13 20131106  05  13  23.740   37.153     35.9442    5.5   8.4 25.6   2.4  ML
20131106.01.08 20131106  01  08  06.840   37.2112    35.9775    20.4  8.4 25.6   2.4  ML
20131105.12.48 20131105  12  48  59.770   37.1893    33.241     9.7   8.4 25.6   2.0  ML
20131104.12.47 20131104  12  47  56.320   38.9237    33.7127    7.7   8.4 25.6   2.0  ML
20131102.23.02 20131102  23  02  35.890   38.9998    35.8362    5.0   8.4 25.6   1.6  ML
20131102.10.40 20131102  10  40  33.310   38.9743    35.7987    5.0   8.4 25.6   2.1  ML
20131101.10.18 20131101  10  18  02.750   38.6462    35.6657    9.9   8.4 25.6   2.2  ML
20131101.03.55 20131101  03  55  11.170   37.2758    34.4087    5.4   8.4 25.6   2.2  ML
20131101.01.27 20131101  01  27  18.910   38.1315    35.2067    5.0   8.4 25.6   3.5  ML
20131031.10.53 20131031  10  53  59.760   37.1417    34.6448    5.0   8.4 25.6   2.3  ML
20131031.02.38 20131031  02  38  16.350   37.6305    35.0323    8.0   8.4 25.6   2.2  ML
20131030.15.34 20131030  15  34  42.210   37.6652    34.7315    5.3   8.4 25.6   2.0  ML
20131027.07.19 20131027  07  19  02.160   38.6217    35.0758    7.5   8.4 25.6   2.0  ML
20131025.17.40 20131025  17  40  57.740   37.1783    35.4613    5.0   8.4 25.6   1.8  ML
20131025.14.25 20131025  14  25  14.450   37.1838    34.7652    6.0   8.4 25.6   2.0  ML
20131025.09.29 20131025  09  29  39.090   38.8292    35.9293    5.0   8.4 25.6   1.7  ML
20131024.11.44 20131024  11  44  07.680   37.9092    34.6217    5.0   8.4 25.6   2.3  ML
20131021.12.29 20131021  12  29  41.470   37.0577    33.374     26.9  8.4 25.6   1.8  ML
20131017.13.27 20131017  13  27  40.650   37.5082    34.3733    5.0   8.4 25.6   2.1  ML
20131017.00.40 20131017  00  40  04.380   37.1067    34.5285    13.7  8.4 25.6   1.5  ML
20131012.12.39 20131012  12  39  23.120   38.723     33.9713    7.9   8.4 25.6   1.9  ML
20131011.13.12 20131011  13  12  47.000   38.9688    35.7787    6.1   8.4 25.6   2.2  ML
20131011.12.09 20131011  12  09  13.790   37.179     34.5933    5.0   8.4 25.6   2.6  ML
20131010.07.59 20131010  07  59  12.140   38.2075    34.1847    5.7   8.4 25.6   2.3  ML
20131009.11.25 20131009  11  25  37.770   38.9265    33.6775    15.6  8.4 25.6   1.7  ML
20131008.15.15 20131008  15  15  05.540   38.7125    35.673     1.8   8.4 25.6   1.9  ML
20131007.15.35 20131007  15  35  39.780   38.626     35.7017    9.0   8.4 25.6   2.0  ML
20131007.14.48 20131007  14  48  07.950   38.6612    35.753     9.2   8.4 25.6   2.1  ML
20131005.21.58 20131005  21  58  12.760   37.0238    35.5192    6.8   8.4 25.6   2.1  ML
20131005.21.31 20131005  21  31  34.530   37.018     33.1527    10.0  8.4 25.6   3.3  ML
20131004.10.49 20131004  10  49  21.950   38.9215    33.7138    5.5   8.4 25.6   2.1  ML
20131003.13.05 20131003  13  05  47.870   37.2532    35.6133    2.3   8.4 25.6   2.7  ML
20131002.00.38 20131002  00  38  08.460   37.092     35.9965    20.4  8.4 25.6   2.0  ML
20131001.11.34 20131001  11  34  11.460   38.5177    35.8805    5.0   8.4 25.6   2.4  ML
20130930.16.42 20130930  16  42  47.690   37.5167    35.8503    8.8   8.4 25.6   2.0  ML
20130929.15.55 20130929  15  55  09.780   37.6478    33.4665    3.2   8.4 25.6   2.3  ML
20130925.03.39 20130925  03  39  02.430   37.581     34.8708    5.2   8.4 25.6   2.4  ML
20130922.06.02 20130922  06  02  31.360   37.031     35.5987    17.9  8.4 25.6   1.9  ML
20130922.00.45 20130922  00  45  04.000   37.0587    35.8322    22.1  8.4 25.6   2.6  ML
20130921.15.00 20130921  15  00  29.820   37.3592    34.4368    8.8   8.4 25.6   2.0  ML
20130920.14.40 20130920  14  40  53.350   37.1827    34.7618    8.0   8.4 25.6   1.7  ML
20130919.15.08 20130919  15  08  37.470   38.0287    34.8937    2.0   8.4 25.6   2.3  ML
20130919.10.33 20130919  10  33  53.470   37.1557    34.5835    13.3  8.4 25.6   2.0  ML
20130918.15.18 20130918  15  18  21.460   37.0767    35.847     16.2  8.4 25.6   2.1  ML
20130913.13.31 20130913  13  31  11.140   37.0525    34.9043    19.4  8.4 25.6   1.7  ML
20130913.08.39 20130913  08  39  23.390   37.0178    34.9615    3.2   8.4 25.6   1.8  ML
20130912.03.09 20130912  03  09  22.150   38.5833    33.7443    5.3   8.4 25.6   1.8  ML
20130910.11.35 20130910  11  35  09.520   38.3305    34.0115    9.5   8.4 25.6   2.1  ML
20130909.18.40 20130909  18  40  16.650   37.0372    35.5738    18.7  8.4 25.6   2.3  ML
20130907.15.13 20130907  15  13  06.300   37.2785    34.6597    8.2   8.4 25.6   2.4  ML
20130906.10.00 20130906  10  00  28.790   37.2082    34.734     5.3   8.4 25.6   1.7  ML
20130831.14.47 20130831  14  47  33.900   37.1195    33.304     5.0   8.4 25.6   1.8  ML
20130830.16.02 20130830  16  02  42.130   38.6547    35.7342    9.9   8.4 25.6   2.1  ML
20130830.11.51 20130830  11  51  39.120   38.3228    33.9748    4.6   8.4 25.6   1.9  ML
20130829.17.54 20130829  17  54  28.230   38.675     33.62      12.8  8.4 25.6   1.6  ML
20130828.04.06 20130828  04  06  30.370   38.4465    33.9287    7.3   8.4 25.6   1.8  ML
20130827.15.14 20130827  15  14  41.910   38.7345    34.0443    14.0  8.4 25.6   2.1  ML
20130826.22.06 20130826  22  06  33.420   38.3917    33.4248    11.2  8.4 25.6   1.7  ML
20130826.05.37 20130826  05  37  12.980   38.3712    33.4353    8.3   8.4 25.6   2.4  ML
20130825.13.19 20130825  13  19  53.050   37.491     35.056     8.8   8.4 25.6   2.6  ML
20130825.07.50 20130825  07  50  39.160   37.161     35.9697    23.1  8.4 25.6   2.8  ML
20130824.22.18 20130824  22  18  54.000   37.469     35.204     9.0   8.4 25.6   2.9  ML
20130823.13.41 20130823  13  41  06.000   37.4237    35.061     10.3  8.4 25.6   2.0  ML
20130822.11.03 20130822  11  03  35.650   38.307     34.0182    9.6   8.4 25.6   1.9  ML
20130821.15.04 20130821  15  04  21.720   37.1698    34.6123    2.5   8.4 25.6   2.6  ML
20130819.09.17 20130819  09  17  27.600   37.0862    34.8525    3.5   8.4 25.6   1.9  ML
20130819.09.07 20130819  09  07  21.520   37.184     34.7445    3.5   8.4 25.6   1.8  ML
20130815.18.57 20130815  18  57  43.300   38.3675    33.41      1.0   8.4 25.6   2.5  ML
20130814.09.13 20130814  09  13  51.010   37.2518    34.6818    5.3   8.4 25.6   1.9  ML
20130814.01.46 20130814  01  46  03.610   38.3255    33.4232    9.0   8.4 25.6   1.6  ML
20130814.01.19 20130814  01  19  08.830   38.346     33.4482    2.3   8.4 25.6   1.8  ML
20130813.20.11 20130813  20  11  22.360   38.3548    33.3748    5.3   8.4 25.6   1.8  ML
20130812.10.30 20130812  10  30  27.260   38.3178    33.4453    7.4   8.4 25.6   1.9  ML
20130812.04.54 20130812  04  54  25.380   38.9953    35.8532    5.2   8.4 25.6   1.8  ML
20130812.00.34 20130812  00  34  59.430   38.384     33.4088    22.5  8.4 25.6   1.7  ML
20130811.13.57 20130811  13  57  49.180   37.7097    35.3477    1.2   8.4 25.6   2.0  ML
20130811.02.19 20130811  02  19  19.690   37.4753    35.8782    11.6  8.4 25.6   1.7  ML
20130810.13.38 20130810  13  38  32.040   38.3853    33.4583    9.9   8.4 25.6   1.7  ML
20130810.11.56 20130810  11  56  12.780   38.3732    33.4067    1.0   8.4 25.6   2.8  ML
20130809.18.57 20130809  18  57  16.390   37.5352    35.8398    4.8   8.4 25.6   1.6  ML
20130809.03.49 20130809  03  49  57.200   38.2188    35.5578    5.0   8.4 25.6   1.9  ML
20130807.04.47 20130807  04  47  37.550   37.036     35.4773    21.1  8.4 25.6   2.1  ML
20130805.12.41 20130805  12  41  16.720   37.1358    34.627     6.5   8.4 25.6   2.8  ML
20130803.14.52 20130803  14  52  36.000   37.426     33.3053    5.5   8.4 25.6   1.9  ML
20130802.09.20 20130802  09  20  27.040   37.201     34.752     3.8   8.4 25.6   1.9  ML
20130801.16.04 20130801  16  04  38.150   38.2238    35.8683    5.0   8.4 25.6   2.1  ML
20130801.12.24 20130801  12  24  01.370   37.9338    33.9687    5.0   8.4 25.6   2.0  ML
20130727.12.09 20130727  12  09  21.680   38.6745    35.7735    5.9   8.4 25.6   2.4  ML
20130725.16.59 20130725  16  59  52.350   38.9773    33.7073    5.0   8.4 25.6   1.5  ML
20130724.23.16 20130724  23  16  34.540   37.7965    35.8297    7.2   8.4 25.6   1.7  ML
20130724.11.36 20130724  11  36  18.310   37.1565    35.7472    17.5  8.4 25.6   2.2  ML
20130724.06.04 20130724  06  04  39.130   37.0892    35.9982    8.1   8.4 25.6   2.7  ML
20130724.03.41 20130724  03  41  18.300   37.8032    35.8913    5.0   8.4 25.6   3.1  ML
20130723.04.37 20130723  04  37  05.600   38.3827    33.3983    14.0  8.4 25.6   1.8  ML
20130720.03.22 20130720  03  22  39.790   37.4695    35.3367    14.4  8.4 25.6   2.1  ML
20130716.16.19 20130716  16  19  11.770   37.1602    34.6315    3.8   8.4 25.6   2.4  ML
20130715.13.31 20130715  13  31  26.420   37.2093    34.7267    4.9   8.4 25.6   2.0  ML
20130713.15.35 20130713  15  35  29.550   38.7557    34.0073    8.8   8.4 25.6   2.0  ML
20130713.12.39 20130713  12  39  24.710   37.5988    35.709     5.0   8.4 25.6   2.7  ML
20130712.09.20 20130712  09  20  03.960   38.584     33.0503    3.4   8.4 25.6   1.5  ML
20130711.04.13 20130711  04  13  26.440   38.6945    33.6913    4.4   8.4 25.6   1.7  ML
20130708.14.50 20130708  14  50  32.510   37.6503    34.7648    7.0   8.4 25.6   2.2  ML
20130708.07.36 20130708  07  36  12.880   37.2983    35.9358    13.3  8.4 25.6   2.2  ML
20130707.16.28 20130707  16  28  35.200   37.039     35.5375    2.6   8.4 25.6   1.6  ML
20130707.00.46 20130707  00  46  51.240   37.33      35.9375    2.8   8.4 25.6   2.4  ML
20130707.00.20 20130707  00  20  41.840   37.325     35.8952    5.0   8.4 25.6   2.3  ML
20130706.16.56 20130706  16  56  14.870   37.0473    35.5938    22.9  8.4 25.6   2.3  ML
20130704.10.01 20130704  10  01  54.340   38.0148    34.7827    11.4  8.4 25.6   2.1  ML
20130703.14.52 20130703  14  52  31.070   38.6715    35.7788    2.8   8.4 25.6   2.2  ML
20130703.12.57 20130703  12  57  19.620   37.212     34.5862    9.9   8.4 25.6   2.2  ML
20130702.02.17 20130702  02  17  05.930   38.8497    34.0978    11.9  8.4 25.6   2.2  ML
20130626.07.54 20130626  07  54  35.910   37.3355    35.3672    9.7   8.4 25.6   2.4  ML
20130626.06.37 20130626  06  37  23.860   38.8438    34.6765    5.0   8.4 25.6   2.1  ML
20130625.17.38 20130625  17  38  57.540   38.8713    34.123     9.3   8.4 25.6   2.0  ML
20130625.15.37 20130625  15  37  48.900   38.8668    34.1332    7.7   8.4 25.6   2.6  ML
20130625.15.24 20130625  15  24  13.130   38.862     34.0765    3.0   8.4 25.6   1.9  ML
20130625.14.08 20130625  14  08  41.420   38.8515    34.1318    5.4   8.4 25.6   2.4  ML
20130625.09.57 20130625  09  57  52.160   37.4755    35.9543    23.1  8.4 25.6   2.1  ML
20130624.15.48 20130624  15  48  17.210   38.9873    34.5198    20.7  8.4 25.6   2.0  ML
20130624.15.26 20130624  15  26  47.090   37.477     34.8265    7.2   8.4 25.6   1.8  ML
20130619.11.30 20130619  11  30  56.820   38.0243    34.8993    5.5   8.4 25.6   2.3  ML
20130617.14.40 20130617  14  40  34.080   38.701     34.8128    3.0   8.4 25.6   2.1  ML
20130617.12.57 20130617  12  57  23.810   37.6147    35.5258    7.2   8.4 25.6   2.1  ML
20130617.10.58 20130617  10  58  33.500   37.925     35.5613    15.9  8.4 25.6   2.1  ML
20130615.10.29 20130615  10  29  09.490   37.1793    34.6042    4.5   8.4 25.6   2.3  ML
20130614.14.31 20130614  14  31  49.120   37.1572    34.7862    4.9   8.4 25.6   1.8  ML
20130614.08.44 20130614  08  44  15.860   37.3608    34.7328    6.4   8.4 25.6   2.0  ML
20130614.08.07 20130614  08  07  24.450   38.4622    34.2708    5.0   8.4 25.6   2.0  ML
20130614.06.57 20130614  06  57  09.570   37.0027    35.3938    14.9  8.4 25.6   1.8  ML
20130613.15.52 20130613  15  52  00.100   38.7343    35.7327    6.6   8.4 25.6   2.0  ML
20130613.14.08 20130613  14  08  36.400   38.6007    35.6977    7.0   8.4 25.6   2.1  ML
20130613.08.55 20130613  08  55  33.540   38.6863    35.8425    8.2   8.4 25.6   1.6  ML
20130612.15.57 20130612  15  57  12.710   37.4372    34.1723    9.4   8.4 25.6   1.8  ML
20130611.15.58 20130611  15  58  18.900   37.0725    34.6717    8.1   8.4 25.6   2.7  ML
20130610.13.44 20130610  13  44  21.420   38.7138    34.7795    5.0   8.4 25.6   2.2  ML
20130610.12.34 20130610  12  34  16.300   38.6332    35.7868    4.2   8.4 25.6   2.2  ML
20130610.07.01 20130610  07  01  13.910   37.5508    35.6978    5.4   8.4 25.6   2.0  ML
20130609.16.29 20130609  16  29  20.920   38.7118    35.6227    5.3   8.4 25.6   1.9  ML
20130607.23.17 20130607  23  17  25.190   37.5528    35.6838    7.1   8.4 25.6   1.8  ML
20130606.14.42 20130606  14  42  37.020   38.0267    34.5498    10.0  8.4 25.6   1.9  ML
20130605.15.56 20130605  15  56  31.210   37.9732    34.8263    6.1   8.4 25.6   2.1  ML
20130605.13.45 20130605  13  45  17.110   38.4637    34.2792    7.2   8.4 25.6   2.1  ML
20130605.12.51 20130605  12  51  46.040   37.7025    35.4673    5.4   8.4 25.6   2.0  ML
20130605.08.35 20130605  08  35  02.250   38.9545    34.9397    5.3   8.4 25.6   2.0  ML
20130604.20.58 20130604  20  58  35.020   37.534     35.6987    5.0   8.4 25.6   2.0  ML
20130604.13.11 20130604  13  11  45.560   38.7343    35.7853    6.3   8.4 25.6   1.9  ML
20130603.13.23 20130603  13  23  48.740   38.342     34.0643    7.5   8.4 25.6   2.2  ML
20130602.21.04 20130602  21  04  27.120   37.0125    34.5882    27.1  8.4 25.6   1.7  ML
20130602.05.30 20130602  05  30  15.310   37.0683    34.4602    15.0  8.4 25.6   1.9  ML
20130601.16.00 20130601  16  00  37.440   37.0867    34.6827    3.8   8.4 25.6   2.5  ML
20130601.14.41 20130601  14  41  02.630   37.937     34.5383    5.0   8.4 25.6   2.5  ML
20130531.23.57 20130531  23  57  53.120   38.4013    33.3702    6.5   8.4 25.6   2.1  ML
20130531.22.22 20130531  22  22  32.610   37.4547    35.6837    3.9   8.4 25.6   1.6  ML
20130530.16.23 20130530  16  23  42.670   38.4457    35.075     8.3   8.4 25.6   1.8  ML
20130530.11.44 20130530  11  44  13.750   37.4838    35.6665    5.0   8.4 25.6   2.5  ML
20130530.09.01 20130530  09  01  36.240   38.9618    33.9062    4.9   8.4 25.6   2.1  ML
20130530.06.16 20130530  06  16  30.990   38.75      33.9658    6.8   8.4 25.6   2.2  ML
20130529.14.22 20130529  14  22  31.550   38.6572    35.7843    5.0   8.4 25.6   2.1  ML
20130529.13.46 20130529  13  46  08.540   38.4117    33.5103    7.9   8.4 25.6   1.8  ML
20130529.07.07 20130529  07  07  38.230   38.3885    33.432     13.6  8.4 25.6   1.8  ML
20130529.03.22 20130529  03  22  47.810   38.4175    33.4395    12.9  8.4 25.6   1.6  ML
20130529.02.39 20130529  02  39  24.970   38.3853    33.3957    11.7  8.4 25.6   1.7  ML
20130529.02.13 20130529  02  13  46.220   37.018     35.6522    25.1  8.4 25.6   2.1  ML
20130528.19.42 20130528  19  42  33.490   38.4023    33.435     14.4  8.4 25.6   1.6  ML
20130528.19.18 20130528  19  18  08.560   38.3863    33.398     14.1  8.4 25.6   2.2  ML
20130528.17.18 20130528  17  18  24.920   38.3872    33.4232    22.0  8.4 25.6   1.8  ML
20130528.14.19 20130528  14  19  12.250   38.6485    35.7678    3.4   8.4 25.6   2.0  ML
20130528.12.01 20130528  12  01  43.240   38.3962    33.4077    8.4   8.4 25.6   2.7  ML
20130527.23.40 20130527  23  40  48.240   38.4092    33.4483    7.7   8.4 25.6   2.0  ML
20130527.14.44 20130527  14  44  00.510   38.9752    34.9882    1.2   8.4 25.6   2.2  ML
20130527.08.32 20130527  08  32  46.950   37.1867    34.7693    2.0   8.4 25.6   1.7  ML
20130525.23.57 20130525  23  57  48.990   38.3572    33.402     18.0  8.4 25.6   1.7  ML
20130525.14.26 20130525  14  26  33.680   38.575     35.8598    5.0   8.4 25.6   2.3  ML
20130525.13.06 20130525  13  06  33.830   37.9713    34.74      9.3   8.4 25.6   2.3  ML
20130525.10.49 20130525  10  49  16.240   38.4323    35.8168    17.8  8.4 25.6   2.4  ML
20130525.09.46 20130525  09  46  48.980   38.0468    34.9028    4.8   8.4 25.6   2.2  ML
20130524.04.46 20130524  04  46  56.940   38.421     33.4328    7.7   8.4 25.6   1.8  ML
20130523.21.06 20130523  21  06  33.830   37.5112    35.673     5.3   8.4 25.6   2.4  ML
20130523.13.03 20130523  13  03  07.360   38.6355    35.6838    5.4   8.4 25.6   2.2  ML
20130522.14.02 20130522  14  02  27.150   37.4563    35.676     1.4   8.4 25.6   2.6  ML
20130521.04.25 20130521  04  25  54.410   37.5192    35.6612    5.4   8.4 25.6   2.2  ML
20130521.00.50 20130521  00  50  10.750   38.3997    33.4025    9.9   8.4 25.6   2.4  ML
20130520.19.29 20130520  19  29  33.540   38.393     33.4125    8.9   8.4 25.6   2.4  ML
20130520.11.25 20130520  11  25  27.170   38.8885    35.7608    3.2   8.4 25.6   1.8  ML
